527.930041481958	0.000000000000	0.000000000000
538.330894578625	16.917729912383	4.076316103943
532.248605001025	33.486243879859	-6.023966297817
528.171493141571	49.926905737396	5.074737379147
535.686291184932	67.672916207493	-1.350244931387
522.100191566323	82.692546634565	-2.769854814521
526.617885449605	100.457734320281	5.849347751375
523.285052781591	116.968067400918	-5.548540568095
511.933969218803	131.442302685224	2.947674956473
518.444129543785	150.621943347470	1.711975954009
504.585600868422	163.949800157666	-4.865033753011
501.614079710203	180.592181000414	6.277095940504
500.754832110423	198.262863573317	-3.736096938399
484.417519380848	209.626179617734	0.166562267163
487.184713190864	229.251724380256	4.415224750123
475.171506834626	242.111975606858	-5.769367065260
464.743477897321	255.494889050300	5.283063828253
464.684063848440	274.813389281574	-0.988414231026
446.272590601059	283.213197960451	-2.591296669228
443.248259638545	301.231206189598	6.148461551574
433.785620013948	315.163700977306	-5.246429276154
417.512205666412	323.855663548568	3.124748240407
415.887185537158	344.051801284341	2.073029576725
397.958992483540	350.848046771611	-4.654060425534
388.491228497141	364.817546520641	6.528514193607
380.803549955201	380.803549955201	-3.395078435844
361.255762874198	384.698314155041	0.333150502163
355.957228357770	403.754221429953	4.753050168423
339.934459161508	410.910173875059	-5.513173976279
324.939895412876	418.909988963332	5.490090103416
317.276795963244	436.694045748831	-0.626233148635
297.061305274259	437.112436770227	-2.411962300050
287.055106881802	452.326470362072	6.446064229421
272.936795516907	461.510917084966	-4.942834524152
254.485419300422	462.907259238959	3.301114328055
244.984423883675	480.809003999228	2.433657258046
225.882308267076	480.024339469979	-4.441742962658
211.573869140798	488.918364308743	6.778348411099
198.234468647889	500.683114715348	-3.053035352593
178.728886801901	496.438580973554	0.499790647634
166.278581023177	511.752851399893	5.089773380774
148.783420153366	512.115891201948	-5.255384594310
131.800941040887	513.330773392026	5.695831539145
117.732121843450	526.703235864997	-0.263727051513
99.021395678160	519.088334602961	-2.231829108053
83.775003266453	528.934553765474	6.742147358489
67.199519634686	531.938971451153	-4.637766310417
49.699041152580	525.760937626084	3.476796597021
33.875116558014	538.429559222520	2.793834038179
16.663328006577	530.235694676252	-4.228067417913
-0.000000000000	532.533965475125	7.026602697670
-16.913372341494	538.192234424630	-2.709987773138
-33.124230736991	526.494570867652	0.666508632590
-50.622479298514	535.529892804827	5.425375698249
-66.838686539816	529.082683394422	-4.995996901546
-82.879199394993	523.278670715189	5.900303807002
-101.114117788725	530.058768090797	0.099078607780
-115.266490299472	515.672634425644	-2.050874703857
-133.131507304812	518.512986841457	7.036702910977
-149.582472455740	514.866247266657	-4.331235019813
-163.149483905777	502.122480715450	3.651818604299
-182.702417970722	507.475488382317	3.153535075613
-195.282984002617	493.228515445560	-4.013020201093
-211.415728889671	488.552923750198	7.273281572471
-229.246483294419	487.173575316515	-2.365956045479
-239.453165577438	469.953298338743	0.833330365627
-259.060368692952	471.229061290624	5.759838725964
-271.464055907667	459.020650404724	-4.735009299463
-283.786036193233	447.175239220472	6.103522911490
-303.261503018206	446.235750699692	0.462158298101
-310.555807158432	427.443398270198	-1.869076913508
-327.987750630018	422.839260232878	7.329723259812
-341.750083646001	413.104886863130	-4.023251421011
-349.055233279240	395.925444747704	3.826204080088
-369.127432263936	393.080790657908	3.512735653642
-375.095268928670	375.095268928670	-3.796588081824
-387.910729910332	364.272422063089	7.518389967934
-403.839741822359	356.032624725741	-2.020960775790
-406.328532500391	336.144195785739	1.000281728125
-424.764120710080	329.480825463813	6.093144367906
-431.434093647547	313.455217066391	-4.472420609243
-437.893692772618	297.592246305218	6.305505185855
-455.467542822164	289.048492079961	0.825486416418
-454.731190914593	268.927276636809	-1.686413784303
-468.769122848197	257.708006090120	7.621201180651
-477.694695082856	243.397604233196	-3.713826663666
-477.462317352022	224.676712170690	3.999976921567
-494.755719605233	214.099918346117	3.871411186844
-493.199638691291	195.271550886799	-3.578758193036
-500.490324298851	180.187604157666	7.761933228474
-511.981292663477	166.352806089148	-1.675022823008
-506.321046135169	147.099862030866	1.167388567457
-520.512420344865	133.644874573944	6.425274831680
-520.435872558775	116.331200166572	-4.208230072082
-519.893579837700	99.175004421974	6.506267287801
-532.714672319931	84.373715228061	1.189037294532
-524.089526519434	66.207904135315	-1.502863590539
-532.366416396584	50.323442734656	7.911129853778
-535.057467403294	33.662962523259	-3.402972275494
-527.285777006522	16.570623109082	4.173161186630
-538.957177425937	0.000000000000	4.229537227532
-530.173564595966	-16.661375490144	-3.359518034334
-530.690906461581	-33.388241794568	8.003917109088
-535.894486174978	-50.656943519056	-1.328163293368
-523.009749590926	-66.071496587076	1.334676690210
-530.605631672447	-84.039676005487	6.756212633177
-523.830268625554	-99.925967971216	-3.942437349389
-516.350524254963	-115.418016628811	6.705826195119
-522.322584500668	-134.109645734256	1.552785205804
-507.236632314040	-147.365864405481	-1.318404839220
-508.379218147881	-165.182421131732	8.199502865892
-504.406839779651	-181.597636493696	-3.090700159247
-490.373570061013	-194.152631161287	4.345781087572
-494.503792703473	-213.990899840703	4.587089472168
-479.939869964095	-225.842559934755	-3.138855475281
-473.607965593723	-241.315311553283	8.244347773847
-471.660240240565	-259.297411326610	-0.980403534861
-453.678499168745	-268.304716473781	1.502171855417
-453.440106987392	-287.761842174681	7.085940601155
-441.059848842846	-299.743963748613	-3.675042522874
-427.903879812062	-310.890366581957	6.904199201237
-426.029872845695	-330.462643461477	1.916704371909
-406.958998626378	-336.665762724653	-1.133016275691
-400.816688579449	-353.367444781088	8.486314211787
-390.789339153649	-366.975616072387	-2.777022589589
-372.840258251106	-372.840258251105	4.517860984736
-368.751623766913	-392.680595255903	4.944043767737
-350.765591992265	-397.865465894989	-2.916758758576
-338.692391680078	-409.408772204813	8.483231794277
-329.859376368304	-425.252145595484	-0.631765131633
-309.757947494785	-426.345238654079	1.669899767794
-301.762652424536	-444.030259026017	7.414441881754
-285.740444883047	-450.254894530952	-3.406046094528
-269.153037741504	-455.112932094900	7.101403910679
-259.703231492601	-472.398424382112	2.280768969597
-239.763120587403	-470.561619297535	-0.946676889214
-227.427607955937	-483.308268468754	8.771558295932
-212.898686607638	-491.979836840891	-2.461952209876
-194.054226383250	-490.125027962828	4.689425380126
-182.423488868259	-506.700732995558	5.300376118086
-163.901533561426	-504.437051559777	-2.693216503145
-148.185810627675	-510.058905722486	8.720576147635
-133.829640650609	-521.232036701787	-0.282269898330
-114.941116099912	-514.216993933552	1.837886071003
-100.564831514241	-527.179308601368	7.741699942906
-83.421358686717	-526.701729764508	-3.135448986491
-66.247709880961	-524.404621441416	7.297458234448
-50.722841208264	-536.591610909408	2.644953137467
-33.158571150271	-527.040396106468	-0.759365918481
-16.771627088668	-533.681827345693	9.055229933933
-0.000000000001	-536.051992149749	-2.145502028842
16.553830574044	-526.751429877431	4.860498910978
33.806183344545	-537.333897169802	5.656062690216
49.913631912081	-528.031070737408	-2.468217707119
66.546015153434	-526.765950818181	8.956388215080
84.175458932933	-531.462931336276	0.068060125633
98.716805520345	-517.491617078696	2.006156340921
117.035028064079	-523.584617568249	8.067698578680
132.617364624001	-516.510533308959	-2.863252540809
147.419294017017	-507.420538243211	7.492380385330
166.525178743678	-512.511801144585	3.009230982749
178.868017832576	-496.825032277950	-0.571062857063
196.484989291315	-496.264434254004	9.337324353899
212.884817041183	-491.947786163879	-1.827685417185
224.335290552029	-476.736759479713	5.031106343296
244.361482576559	-479.586412845570	6.011079820535
255.509630556595	-464.770292597727	-2.241751750726
270.177277199656	-456.844826436048	9.190675779736
288.293748777499	-454.278257678485	0.419202681850
296.072453840682	-435.657386071734	2.174736078933
315.243546879556	-433.895518470229	8.392421913529
326.839275329306	-421.358654796802	-2.589458519084
336.707366057464	-407.009288416831	7.686188873112
356.307133097562	-404.151110450697	3.373576588100
361.443468599878	-384.898200450700	-0.381747458782
377.274240500665	-377.274240500666	9.617837197690
390.738391451943	-366.927772995958	-1.508516104057
395.123509792424	-348.348232512800	5.201272565354
414.618634831926	-343.002364873859	6.365404021067
419.069546139790	-325.063660645496	-2.013808399075
429.233494589641	-311.856388263734	9.423447024650
444.954123350017	-302.390509970781	0.771135298762
444.674417552512	-282.198966503029	2.343650705240
461.480259827332	-272.918664865284	8.715854406459
467.296978537406	-256.898687906565	-2.314069102010
470.507184031982	-239.735384434254	7.878902499731
487.419758503830	-229.362328309004	3.737964018403
484.543526082498	-209.680707586721	-0.191399743029
495.893047626799	-196.337946923512	9.896764522062
504.308098275432	-181.562087364748	-1.188008173467
500.851645555205	-162.736564531549	5.371022581173
516.599900262571	-150.086145211307	6.719011985611
513.691960091969	-131.893678023378	-1.784377804838
517.594173555019	-115.696005182810	9.654710530646
528.398285273293	-100.797363750678	1.123835297554
520.098889676694	-82.375571554856	2.512925552192
531.733231343463	-67.173528614761	9.037980855099
530.887178407684	-50.183613575767	-2.037086888800
526.853223300980	-33.146795235494	8.070540354337
538.320907375126	-16.917416051869	4.102367327566
