-0.820934798391	0.398873617400	-0.408614603426
0.325855912439	0.402969886277	0.855238677261
0.284754707069	0.424438096768	-0.859515595446
-0.840647416598	0.314626601573	0.440819716608
0.835184913046	0.507843860546	0.211094230916
-0.587464241527	0.314311937202	-0.745716951034
-0.173656280879	0.364687104257	0.914793316602
0.575128597037	0.543444877002	-0.611469347172
-0.987937564940	0.154506814311	0.010344665859
0.551784117868	0.572161345360	0.606766579621
-0.236097808619	0.348938673081	-0.906917651826
-0.620766352431	0.191787910698	0.760175330433
0.678252325318	0.701418160061	-0.219057864358
-0.905659136874	0.042838688720	-0.421836905149
0.126523781563	0.493270069866	0.860625569498
0.105181551555	0.508945158740	-0.854348679760
-0.902620723664	-0.048405352082	0.427706384220
0.561867336859	0.795888403190	0.225536572286
-0.653732478138	0.061772609993	-0.754200233149
-0.316393801605	0.257408475046	0.913036603473
0.320012791981	0.732912494743	-0.600359132534
-0.968114950634	-0.250465725966	-0.004512479971
0.271639814785	0.737864784151	0.617873264783
-0.344230974412	0.236274261020	-0.908669087091
-0.654788979162	-0.078848058444	0.751687685444
0.346435934585	0.915486286614	-0.204614276750
-0.843491260392	-0.315187180319	-0.434947738246
-0.088935697230	0.492445371441	0.865787501587
-0.096770203743	0.519526535240	-0.848956834503
-0.813375289639	-0.408197981546	0.414481659506
0.197483691881	0.950493723263	0.239920556600
-0.617649976109	-0.192679393928	-0.762484857665
-0.400466209224	0.098136544883	0.911041181192
0.007598047137	0.808031258106	-0.589090617481
-0.789004343735	-0.614082274879	-0.019367634020
-0.048201764191	0.776056485590	0.628818671083
-0.403512509844	0.093528484675	-0.910181342895
-0.574437912463	-0.343462732914	0.743003658015
-0.044349611719	0.980759369413	-0.190116204596
-0.646617895695	-0.617439690523	-0.447943663349
-0.281449365580	0.403271005605	0.870723119397
-0.291299966914	0.451574453782	-0.843341474118
-0.586075451995	-0.703985109907	0.401149011713
-0.196987504153	0.946866791006	0.254242410501
-0.488090864091	-0.409867371310	-0.770568651274
-0.408776274961	-0.083491028772	0.908807573221
-0.312684448854	0.754008986717	-0.577666758084
-0.480301206573	-0.876435938768	-0.034216899330
-0.352974941944	0.682876726410	0.639599927210
-0.407058890268	-0.059620673196	-0.911454022528
-0.390820886943	-0.555264573034	0.734125526230
-0.430199608003	0.885496678346	-0.175567451178
-0.348808317882	-0.816073840627	-0.460821271233
-0.417055644009	0.244304993071	0.875431128165
-0.448391557703	0.312301042091	-0.837504071685
-0.257379681365	-0.885118722231	0.387711938398
-0.555927925960	0.786671953689	0.268498376934
-0.288013150060	-0.557731845687	-0.778449493352
-0.338330980075	-0.253153195694	0.906336365502
-0.588959509800	0.576773945055	-0.566090551169
-0.093058919882	-0.994451360783	-0.049056380490
-0.591519699732	0.476787093532	0.650214204913
-0.355406458973	-0.202618121388	-0.912486792126
-0.133514276341	-0.675624368445	0.725055619092
-0.747577966964	0.644371982838	-0.160971833076
0.000415400008	-0.880752223109	-0.473577183711
-0.472888168797	0.046202341589	0.879910292838
-0.542443341824	0.120218577485	-0.831446158532
0.118518211337	-0.919753922451	0.374173964512
-0.820048058914	0.497604795334	0.282684716126
-0.050379093050	-0.616010498059	-0.786125316514
-0.200994106132	-0.378229340567	0.903628206307
-0.775351998391	0.302504030048	-0.554365033525
0.308813172290	-0.948974968639	-0.063882184654
-0.724910009224	0.195027009802	0.660658719745
-0.256232913696	-0.316647227382	-0.913279380765
0.154234236969	-0.681063458331	0.715796315912
-0.943838745377	0.296234743746	-0.146333179162
0.344065549273	-0.803256263918	-0.486208054520
-0.441049127093	-0.154070616880	0.884159438396
-0.556464092432	-0.097176647601	-0.825169323833
0.478879865099	-0.800428611936	0.360538641476
-0.946239587927	0.128614787694	0.296797706571
0.187307852276	-0.578899094450	-0.793594107161
-0.021478873548	-0.433943935866	0.900683806070
-0.839651754452	-0.026191051809	-0.542493281112
0.659158215744	-0.747875834624	-0.078690422563
-0.732848576863	-0.113070405167	0.670930731794
-0.123225576370	-0.386946119980	-0.913831580523
0.422808869085	-0.567716719132	0.706350045686
-0.986017344624	-0.102160022947	-0.131655329600
0.627038098586	-0.598423754619	-0.498710570200
-0.329713366928	-0.320046735179	0.888177450159
-0.485143030355	-0.307257438912	-0.818675214191
0.762944489394	-0.545562869644	0.346809546249
-0.914664711241	-0.258400678256	0.310833646004
0.388938749826	-0.455367620857	-0.800853906002
0.167078217985	-0.408131782389	0.897503937194
-0.768911034051	-0.356887209209	-0.530478408249
0.900515896832	-0.424656485697	-0.093477209569
-0.616770409700	-0.394709694286	0.681027546400
0.025738533912	-0.404573420623	-0.914143246541
0.624796017629	-0.352437472797	0.696719286458
-0.866413884499	-0.485439509978	-0.116942134834
0.804982091021	-0.301329692559	-0.511081450963
-0.161311225956	-0.422350809250	0.891963274080
-0.336239412712	-0.477132088860	-0.811965533209
0.922209345703	-0.196589409342	0.332990280389
-0.731907692152	-0.599018640397	0.324788852373
0.525265281555	-0.267188016002	-0.807902808572
0.329172575769	-0.303726027246	0.894089433857
-0.571996982133	-0.635735898412	-0.518323566802
0.993582933978	-0.032822924139	-0.108238666649
-0.399177823349	-0.602702230746	0.690946514862
0.170872809797	-0.367443467653	-0.914214297061
0.723338752739	-0.070288122773	0.686906564667
-0.604015673808	-0.790392779617	-0.102197454582
0.851255953704	0.038757530699	-0.523317451551
0.031834577573	-0.443889402926	0.895515917023
-0.129974121883	-0.578803973553	-0.805042041039
0.928723396494	0.188833138985	0.319084469107
-0.429682209269	-0.837067996326	0.338659664803
0.578072506506	-0.045084309296	-0.814738965729
0.433517840527	-0.138480200447	0.890441191786
-0.278603969242	-0.816279056821	-0.506031945353
0.923626410261	0.363032239275	-0.122970921425
-0.119383676366	-0.703411699758	0.700685035134
0.292955975182	-0.280533524610	-0.914044713444
0.698805564600	0.231209005425	0.676914454487
-0.241493976361	-0.966456155931	-0.087425156818
0.760878951239	0.366597342596	-0.535415362091
0.213589428294	-0.382722083198	0.898834447022
0.103589581017	-0.593813379702	-0.797906553922
0.779973901712	0.546403961994	0.305095760320
-0.059338686632	-0.933950343188	0.352442444560
0.542476526609	0.176312248280	-0.821360584143
0.458955199087	0.058061981547	0.886560168026
0.065192206369	-0.867238337742	-0.493606768369
0.702801314609	0.697937857708	-0.137670109181
0.173545936853	-0.682231753421	0.710240552507
0.375724415806	-0.155251700039	-0.913634540176
0.552574681172	0.500111544633	0.666745577153
0.161751948225	-0.984155129359	-0.072629116766
0.550898855805	0.629995503562	-0.547372008934
0.350677542190	-0.252129320701	0.901917993527
0.328862963867	-0.516587403321	-0.790560943715
0.499514269930	0.815958516087	0.291027823689
0.316878502055	-0.874948123867	0.366133576004
0.427085717470	0.363869977358	-0.827765926763
0.398586972997	0.249830032778	0.882447380686
0.404178759710	-0.777964768766	-0.481051295349
0.368010434970	0.917258506433	-0.152332373875
0.429389019146	-0.545697454430	0.719610560280
0.407916422532	-0.008038545753	-0.912983884858
0.307220879161	0.689021739693	0.656402600267
0.539366879123	-0.840083925436	-0.057813215874
0.257193188385	0.788139982656	-0.559184255490
0.418723873265	-0.077905454726	0.904765747629
0.510139021022	-0.355890435422	-0.783007137391
0.133198080837	0.951626674791	0.276884349661
0.636332438404	-0.671480870404	0.379729467536
0.252108005211	0.490880255246	-0.833953313273
0.261347102613	0.400788245244	0.878103908675
0.682908676618	-0.560594673427	-0.468368819975
-0.025312477041	0.985639733413	-0.166953869149
0.605399474214	-0.319926276198	0.728792600415
0.384736996303	0.141647281250	-0.912092918178
0.003009489848	0.763426046279	0.645888237108
0.829013608989	-0.557574246584	-0.042981340803
-0.071698650036	0.817918528524	-0.570849003048
0.406577240341	0.106592663759	0.907376962276
0.617271400223	-0.134044495429	-0.775247116545
-0.258372281469	0.929649791658	0.262669048498
0.846475484189	-0.358959793073	0.393226552542
0.045798332498	0.540772617670	-0.839921120534
0.070679775180	0.481609957454	0.873530891418
0.854820317077	-0.248485170392	-0.455562669243
-0.412440955333	0.892714423417	-0.181530759342
0.673486341704	-0.045722281882	0.737784264184
0.308566520681	0.273742884265	-0.910961873862
-0.308754124002	0.707944338546	0.635205245910
0.982724926327	-0.182920766692	-0.028137382402
-0.382646128065	0.717241280015	-0.582363191591
0.318149451798	0.266709825098	0.909750952468
0.630718656275	0.116064215480	-0.767282916865
-0.609929793101	0.752522568902	0.248385649304
0.913548810720	0.009364650857	0.406621290326
-0.160127138273	0.509122087882	-0.845667783009
-0.139478403910	0.475241813246	0.868729528556
0.890065630604	0.108886938465	-0.442636202597
-0.730066180661	0.654648114574	-0.196059220495
0.624728681400	0.228752291486	0.746583192803
0.188809615588	0.370128428166	-0.909591048617
-0.574414182231	0.529365088227	0.624356429147
0.974904499413	0.222226730083	-0.013285234692
-0.626551299758	0.504901492744	-0.593723800598
0.171465180856	0.372909663233	0.911887095435
0.545104792949	0.355812746265	-0.759116627601
-0.862472256776	0.448740312542	0.234037899048
0.828050225470	0.371494650987	0.419910167044
