0.136159481310	-0.558206709464	-0.818453337191
-0.621240324987	-0.590630042157	0.514991856160
0.859672087740	-0.509774444637	0.033074418437
-0.534252901412	-0.615215881587	-0.579726880846
0.132918363349	-0.558839945512	0.818553983549
0.584330742640	-0.472757634765	-0.659589116024
-0.687560929957	-0.709932654979	0.152497845859
0.817893464866	-0.397199947531	0.416272124711
-0.102752320240	-0.604102539586	-0.790254441526
-0.159510222191	-0.641714727160	0.750172445483
0.888626185387	-0.300115152605	-0.346805994502
-0.548994887966	-0.798543318539	-0.246846473345
0.609646636710	-0.370692009559	0.700655701752
0.358727831173	-0.452972178871	-0.816168210794
-0.343138007549	-0.792272814237	0.504539488639
0.990835280188	-0.126849061037	0.046419427501
-0.237796356756	-0.772179156462	-0.589230212259
0.332472937677	-0.466918288750	0.819419951761
0.732949030807	-0.196185800691	-0.651380725725
-0.351130796704	-0.925897781988	0.139357313821
0.902849811937	-0.043854736306	0.427713664954
0.155658127245	-0.587349998582	-0.794223222141
0.099077525473	-0.660042915433	0.744665692598
0.938869292740	0.081028121817	-0.334602592078
-0.183840424606	-0.948059393778	-0.259588297406
0.698673056678	-0.106260053570	0.707506014736
0.518094155946	-0.263665266637	-0.813670125262
-0.005705017047	-0.869469536818	0.493953618598
0.959210080267	0.276307485297	0.059751112820
0.094203600060	-0.795504572562	-0.598580117252
0.482754168956	-0.307301010850	0.820069814763
0.756462790794	0.119631501083	-0.643002605043
0.044195518631	-0.991022500504	0.126179077614
0.842495753604	0.312158859350	0.439041856420
0.382239968113	-0.465953715531	-0.797984800457
0.347568994867	-0.577174409484	0.738962444813
0.831778642392	0.451950112149	-0.322312559775
0.209380277593	-0.939165941438	-0.272263170110
0.679226752598	0.169153268462	0.714169580929
0.584613595248	-0.023900857110	-0.810959735918
0.337548340654	-0.807801397185	0.483237023031
0.770366979359	0.633400410565	0.073065977091
0.404704019767	-0.683246110426	-0.607774143060
0.562221945642	-0.103347235161	0.820503402079
0.648696213114	0.420306554063	-0.634456951813
0.433733956914	-0.893931430924	0.112966594290
0.648427097186	0.613851676398	0.450253727378
0.537002029593	-0.262993062018	-0.801538189697
0.547443608100	-0.403636441836	0.733064198261
0.584116990692	0.750163370248	-0.309939121642
0.565036793556	-0.774327952203	-0.284867766455
0.556636596760	0.413312211645	0.720644652275
0.545189082753	0.223257368327	-0.808037753781
0.631277748104	-0.615088382427	0.472392513227
0.455730935858	0.885918265646	0.086360527419
0.641130477753	-0.456615029460	-0.616809877813
0.559570449540	0.115319594158	0.820720599964
0.426245513770	0.653266175224	-0.625746007817
0.753436298131	-0.649914611419	0.099723329883
0.353490150346	0.813759344830	0.461346336617
0.593223685676	-0.015807847385	-0.804882457700
0.666740572991	-0.164219341839	0.726972500232
0.236441479572	0.924985291766	-0.297485523605
0.824141638262	-0.482021291866	-0.297398779874
0.351807143068	0.589750110010	0.726929530167
0.405772542463	0.432985765004	-0.804904945373
0.827262222479	-0.320509112525	0.461422934028
0.067303659413	0.992745599952	0.099631276242
0.764307329365	-0.156053350381	-0.625684951164
0.475294186103	0.317036117729	0.820721351441
0.125903263453	0.776928073931	-0.616872058202
0.950472157021	-0.298544132877	0.086452758502
0.006182127222	0.881407196535	0.472316774209
0.542073193849	0.230793459903	-0.808016727164
0.685188075706	0.105473883216	0.720688948763
-0.153587504563	0.946156175177	-0.284955032622
0.944184482325	-0.111833936631	-0.309852923101
0.097631319791	0.673161231273	0.733022565892
0.190462038133	0.566764818712	-0.801562132527
0.892364930057	0.029777091121	0.450331163088
-0.330985850071	0.936860533706	0.112874742241
0.754986310749	0.165939967087	-0.634397034912
0.321596093716	0.472595408847	0.820505656314
-0.201462983721	0.768079633776	-0.607837430872
0.992013855176	0.102744174011	0.073158361421
-0.337369067037	0.807921058986	0.483162162275
0.394005345851	0.432591977036	-0.810940175873
0.597669990225	0.364262600313	0.714215192220
-0.520819520675	0.809056237009	-0.272350935819
0.906157219528	0.273950542434	-0.322226929038
-0.166313166012	0.652942547782	0.738922161061
-0.062667337313	0.599376791375	-0.798010192162
0.814175907674	0.379856710165	0.439120110114
-0.673854897270	0.728025777059	0.126087451252
0.616879433253	0.453963631572	-0.642943843612
0.120654748686	0.559394109280	0.820073571164
-0.499553444408	0.626155830227	-0.598644495884
0.870754453959	0.488062927622	0.059843626164
-0.622511833704	0.607092993325	0.493879655741
0.176715456359	0.553842947324	-0.813652036920
0.415433805857	0.571649897933	0.707552928865
-0.803538368120	0.535625042099	-0.259676539633
0.717600648970	0.610857852749	-0.334517551607
-0.399925001606	0.534407119546	0.744626768031
-0.308276875916	0.523576370955	-0.794250056061
0.603369504912	0.673007156417	0.427792716106
-0.905407476141	0.401051494061	0.139265937182
0.375713868172	0.659255081773	-0.651323135179
-0.098509970356	0.564657517469	0.819425209342
-0.716327305400	0.373638610101	-0.589295664824
0.606223595444	0.793932983281	0.046512045588
-0.804780999136	0.312795702066	0.504466443085
-0.069961306395	0.573586944779	-0.816151598900
0.164776518858	0.694163334074	0.700703906412
-0.953858945091	0.170810231568	-0.246935168943
0.411178069716	0.843040183049	-0.346721566606
-0.568639348157	0.337560273232	0.750134890312
-0.501840985757	0.351580520374	-0.790282710622
0.292330502594	0.860926204058	0.416351952582
-0.988267832665	0.009943622738	0.152406742914
0.074515733641	0.747973266862	-0.659532711471
-0.304142779015	0.487294042008	0.818560740933
-0.813072560281	0.052465573742	-0.579793390174
0.241659952752	0.969794003687	0.033167116971
-0.856820276962	-0.026770638105	0.514919747070
-0.301276732749	0.489276233937	-0.818438206103
-0.116667029094	0.710781854183	0.693669921567
-0.945841057431	-0.224872762588	-0.234130166196
0.039037027405	0.932584043842	-0.358835772552
-0.648477251060	0.093701555458	0.755445082956
-0.607654602680	0.113084989568	-0.786109196598
-0.069791954022	0.911737560174	0.404800820802
-0.909611294244	-0.381070751855	0.165506421217
-0.234023052653	0.706811818438	-0.667570418865
-0.466266236819	0.338114779232	0.817480392712
-0.771275803735	-0.282973191673	-0.570140164667
-0.163061996344	0.986416877638	0.019812341093
-0.772441666245	-0.357015615077	0.525236825479
-0.475622019295	0.317088267108	-0.820511258682
-0.385525874951	0.616564940834	0.686452819557
-0.779944630878	-0.585429945409	-0.221264890533
-0.336070327417	0.865749286381	-0.370856991522
-0.629359233567	-0.159566906264	0.760555952938
-0.605340252238	-0.149868056099	-0.781730608830
-0.424852739041	0.815438067543	0.393142350976
-0.683119725321	-0.708140677312	0.178561535648
-0.496746705276	0.545005891155	-0.675434148829
-0.560977099092	0.138375001337	0.816184448087
-0.596078954961	-0.575074448868	-0.560338520639
-0.541292890258	0.840809365254	0.006451221315
-0.567228359740	-0.625765767558	0.535414971829
-0.561965909986	0.088890658063	-0.822370212813
-0.599360309795	0.423854000452	0.679054493648
-0.483064189571	-0.850436535590	-0.208342716905
-0.651395234738	0.655104674887	-0.382782069985
-0.516244056646	-0.384127104749	0.765466159523
-0.493679818642	-0.390283324806	-0.777148095953
-0.715073477682	0.585849401377	0.381379601475
-0.346569005916	-0.918254524675	0.191568661456
-0.669201418304	0.292427795444	-0.683121838468
-0.573924393619	-0.083176264588	0.814673247025
-0.315688873700	-0.772923184946	-0.550391029356
-0.830628569756	0.556783973519	-0.006912737335
-0.275654728993	-0.791515706721	0.545451516084
-0.545355369179	-0.153582199089	-0.824014580836
-0.723373099622	0.160779825017	0.671476884643
-0.104123811508	-0.975187137650	-0.195367035189
-0.854731073043	0.337223092488	-0.394607879632
-0.327994048057	-0.547038641701	0.770174414614
-0.291062793867	-0.564568917284	-0.772362860101
-0.892487647307	0.258696690891	0.369515658026
0.044521317992	-0.977848468619	0.204524386476
-0.723183166106	-0.005854864087	-0.690631471067
-0.502472053339	-0.294344540386	0.812947185959
0.023200420235	-0.841152379742	-0.540300300347
-0.983259945529	0.181076674820	-0.020276029086
0.054744479324	-0.829817014543	0.555343825354
-0.429506869049	-0.366286998926	-0.825443931384
-0.736101334564	-0.132770320525	0.663721980381
0.294038438324	-0.938239343447	-0.182341249301
-0.913106028402	-0.033648785262	-0.406331318195
-0.094209816411	-0.625296896655	0.774679483093
-0.032438728013	-0.640376110760	-0.767376156584
-0.926916944210	-0.113931462457	0.357553632898
0.426100672686	-0.878159695286	0.217425312030
-0.651381700952	-0.297577242384	-0.697961076622
-0.356222472891	-0.464083670984	0.811006717687
0.363223853727	-0.766221448254	-0.530068980717
-0.973927287103	-0.224353106135	-0.033635148342
0.371163262884	-0.736825562889	0.565089304587
-0.236038909684	-0.510805605738	-0.826657889494
-0.633153028227	-0.411162179627	0.655791815206
0.645141682314	-0.745077372567	-0.169268776299
-0.818174305928	-0.394853364139	-0.417949310260
0.149431265272	-0.608982898961	0.778980183145
0.236717967270	-0.602521439240	-0.762189293566
-0.811144585749	-0.471886126209	0.345496664096
0.736124888421	-0.636472129822	0.230268053813
-0.468350904457	-0.532418168219	-0.705108732356
-0.155798891227	-0.566996101720	0.808852351252
